[Beatmap]
128;353;1058;-1
1;705;1
1;1058;-1
1;1411;1
1;1764;1
1;2117;-1
1;2470;-1
1;2823;1
1;3176;-1
1;3529;1
1;3882;-1
1;4235;-1
1;4588;1
1;4941;1
1;5294;-1
1;5647;1
128;6000;6705;-1
1;6000;1
1;6705;-1
1;7058;1
1;7411;-1
1;7764;-1
1;8117;1
1;8470;1
1;8823;-1
1;9176;1
1;9529;1
1;9882;-1
1;10235;1
1;10588;-1
1;10941;1
1;11294;-1
1;11647;1
128;11647;12352;-1
1;12352;1
1;12705;1
1;13058;1
1;13411;1
1;13764;-1
1;14117;-1
1;14470;1
1;14823;1
1;15176;-1
1;15529;-1
1;15882;1
1;16235;-1
1;16588;1
1;16941;-1
128;17294;18000;1
1;17647;-1
1;18000;1
1;18352;-1
1;18705;-1
1;19058;1
1;19411;1
1;19764;-1
1;20117;-1
1;20470;-1
1;20823;1
1;21176;1
128;21529;22588;-1
1;21529;1
1;22941;1
1;23294;-1
1;23647;-1
1;24176;-1
1;24705;-1
1;25235;-1
1;25588;-1
1;25941;1
1;26294;-1
1;26647;-1
1;27000;-1
128;28588;29294;-1
1;28941;1
1;29294;-1
1;29823;1
1;30352;-1
1;30882;1
1;31235;-1
1;31588;1
1;31941;-1
1;32294;-1
1;32647;1
128;33000;34235;1
128;34235;34941;-1
1;34941;1
1;35470;1
1;36000;1
1;36529;1
1;36882;1
1;37235;1
128;39176;39882;1
128;39882;40588;-1
1;40235;1
1;40588;-1
1;41117;-1
1;41647;-1
1;42176;-1
1;42529;-1
128;42705;44117;1
128;44823;45529;1
128;45529;46235;-1
1;45882;1
1;46588;-1
1;46941;1
1;47294;-1
1;47647;1
1;48000;-1
128;48352;49058;-1
1;48352;1
1;49411;-1
1;49764;1
1;50117;1
1;50470;1
128;50470;51176;-1
128;51176;51882;1
1;51529;-1
1;52235;-1
1;52588;1
1;52941;-1
1;53294;-1
1;53647;1
128;54000;54705;-1
1;54000;1
1;54705;-1
1;55058;1
1;55411;1
1;55764;1
128;56117;56823;1
1;56117;-1
128;56823;57529;1
1;56823;-1
1;57529;1
1;57882;-1
1;58235;1
1;58588;1
1;58941;-1
1;59294;-1
128;59647;60352;1
1;60000;-1
1;60352;1
1;60705;-1
1;61058;-1
1;61411;1
128;61764;62470;1
1;61764;-1
128;62470;63176;1
1;62470;-1
1;63176;1
1;63529;-1
1;63882;1
1;64235;-1
1;64588;1
1;64941;1
128;65294;66000;1
1;65294;-1
1;66000;1
1;66352;-1
1;66705;-1
128;67411;67764;1
1;67411;-1
1;67764;1
128;68117;68823;-1
1;68470;1
1;69176;1
1;69529;-1
128;69529;69882;1
1;70235;-1
1;70588;1
128;70941;71647;1
1;70941;-1
1;71294;1
1;71647;-1
1;72000;-1
1;72352;-1
128;72352;73058;1
1;73058;-1
1;73411;1
1;73764;-1
128;73764;74470;1
1;74117;-1
1;74823;1
1;75176;1
128;75176;75529;-1
1;75529;1
1;75882;-1
1;76235;1
128;76588;77294;1
1;76588;-1
1;77294;1
1;77647;-1
1;78000;-1
128;78000;79411;1
1;78705;-1
128;79411;80117;1
1;79411;-1
1;80117;1
1;80470;-1
1;80823;-1
128;80823;81176;1
1;81176;-1
1;81529;-1
1;81882;1
128;82235;82941;-1
1;82235;1
1;82588;-1
1;82941;1
1;83294;1
1;83647;-1
1;84000;1
1;84352;1
1;84705;-1
128;85058;85764;1
1;85411;-1
1;85764;1
1;86117;-1
1;86470;1
128;86470;86823;-1
1;86823;1
1;87176;-1
1;87529;1
1;87882;-1
1;88235;1
1;88588;-1
1;88941;1
1;89294;1
128;89294;90705;-1
1;89647;1
1;90000;-1
1;90352;1
128;90705;92117;-1
1;90705;1
1;92823;-1
128;93529;94941;1
128;94941;95647;-1
128;96352;97764;1
128;97764;98470;-1
1;98470;1
128;99176;100588;-1
128;100588;101294;1
128;102000;102705;1
1;102000;-1
1;102705;1
1;102882;-1
128;103411;104117;1
1;103411;-1
1;104294;1
128;104823;105529;-1
1;104823;1
1;105705;-1
128;106235;106941;-1
1;106235;1
1;106941;-1
1;107117;1
128;107647;108352;-1
1;107647;1
1;108529;1
128;109058;109764;1
1;109058;-1
1;109941;1
128;110470;111882;1
1;110470;-1
1;112941;1
128;113294;114705;-1
1;113647;1
1;114000;-1
1;114352;1
1;115058;1
1;115411;-1
1;115764;1
128;116117;117529;-1
1;116117;1
1;116823;-1
1;117176;1
1;117882;-1
1;118235;-1
1;118588;1
128;118941;120352;1
1;118941;-1
1;120000;1
1;120352;-1
1;120705;1
1;121058;1
1;121411;1
128;121764;123176;-1
1;122117;1
1;122823;-1
1;123176;1
1;123529;-1
1;123882;1
1;124235;-1
128;124588;126000;1
1;124941;-1
1;125647;1
1;126000;-1
1;126352;-1
1;126705;-1
1;127058;1
128;127411;128823;-1
1;127411;1
1;128117;-1
1;128470;1
1;129176;1
1;129529;1
1;129882;-1
128;130235;131647;-1
1;130235;1
1;130941;-1
1;131294;1
1;132000;-1
1;132352;-1
1;132705;-1
128;133058;134470;1
1;133411;-1
1;134470;1
128;135176;135882;-1
1;135529;1
128;135882;138352;-1
1;135882;1
1;136588;-1
1;136941;1
1;138000;-1
1;138352;1
128;138705;140823;1
1;138705;-1
1;139411;1
1;139764;-1
1;140470;1
1;140823;-1
1;141176;-1
128;141529;144000;1
1;141882;-1
1;142588;1
1;142941;-1
1;143647;1
1;144000;-1
128;144352;146470;1
1;144352;-1
1;144705;1
1;145058;-1
1;145411;1
1;145764;-1
1;146470;1
1;146823;-1
128;147176;149647;-1
1;147176;1
1;147529;-1
1;147882;1
1;148588;-1
1;148941;1
128;150000;152117;-1
1;150000;1
1;150352;-1
1;150705;1
1;151058;-1
1;151411;1
1;152470;-1
128;152823;155294;1
1;153176;-1
1;153529;1
1;153882;-1
1;154235;1
1;154588;-1
1;155294;1
128;155647;157058;-1
1;156000;1
1;157058;-1
128;157764;158470;-1
128;158470;159882;1
1;158470;-1
1;158823;1
1;159176;-1
1;159529;1
1;159882;-1
1;160235;1
1;160588;-1
1;160941;1
128;161294;162705;-1
1;161294;1
1;161647;-1
1;162000;1
1;162352;-1
1;162705;1
1;163058;1
1;163411;1
1;163764;-1
128;164117;165529;1
1;164117;-1
1;164823;1
1;165176;-1
1;165882;1
1;166235;1
1;166588;-1
128;166941;168352;-1
1;166941;1
1;168000;-1
1;168352;1
1;168705;-1
1;169058;1
1;169411;-1
128;169764;171176;1
1;169764;-1
1;170470;1
1;170823;-1
1;171529;-1
1;171882;1
1;172235;1
128;172588;174000;-1
1;172588;1
1;173294;-1
1;173647;1
1;174000;-1
1;174352;1
1;174705;1
1;175058;-1
128;175411;176823;1
1;175411;-1
1;176117;1
1;176470;-1
1;176823;1
1;177176;-1
1;177529;-1
1;177882;1
128;178235;179647;1
1;178235;-1
1;178941;1
1;179294;-1
1;179647;1
1;180000;-1
1;180352;1
1;180705;1
128;181058;182470;1
1;181058;-1
1;181411;1
1;181764;-1
1;182823;1
1;183176;-1
1;183529;1
128;183882;185294;-1
1;183882;1
1;184235;-1
1;184588;1
1;185294;-1
1;185647;1
1;186000;-1
1;186352;1
128;186705;188117;1
1;186705;-1
1;187058;1
1;187411;-1
1;188117;1
1;188470;-1
1;188823;-1
1;189176;1
128;189529;190941;-1
1;189882;1
1;190941;-1
1;191294;1
1;191647;-1
1;192000;-1
128;192352;193764;1
1;192705;-1
1;193058;1
1;193411;-1
1;193764;1
1;194117;-1
1;194470;1
1;194823;-1
128;195176;196588;1
1;195529;-1
1;195882;1
1;196235;-1
1;196588;1
1;196941;-1
1;197294;1
1;197647;-1
128;198000;199411;-1
1;198000;1
1;198352;-1
1;198705;1
1;199058;-1
1;199411;1
1;199764;1
1;200117;1
1;200470;-1
128;200823;202235;1
1;200823;-1
1;201176;1
1;201529;-1
1;201882;1
1;202235;-1
128;202941;203647;-1
1;203647;1
1;204352;1
1;205058;-1
1;205764;1
128;206470;207882;1
1;206470;-1
1;207882;1
1;208588;-1
128;209294;210705;1
1;209294;-1
1;210705;1
1;211411;-1
128;212117;213529;1
1;212823;-1
1;213529;1
1;214235;-1
128;214941;215647;-1
1;214941;1
1;215823;1
128;216352;217058;-1
1;216352;1
1;217235;1
1;217764;-1
128;217764;218470;1
1;218470;-1
1;218647;-1
128;219176;219882;1
1;219882;-1
1;220058;1
128;220588;221294;1
1;220588;-1
1;221470;-1
128;222000;222705;-1
1;222000;1
1;222882;1
128;223411;224823;-1
1;223764;1
1;224117;-1
1;224470;1
128;225529;226235;1
1;225882;-1
128;226235;227647;1
1;226235;-1
1;227294;1
1;227647;-1
1;228000;1
1;228352;-1
1;228705;1
128;229058;230470;1
1;229058;-1
1;229411;1
1;229764;-1
1;230470;1
1;230823;-1
1;231176;-1
1;231529;1
128;231882;233294;-1
1;231882;1
1;232941;-1
1;233294;1
1;233647;1
1;234000;-1
1;234352;1
128;234705;236117;-1
1;235058;1
1;235764;-1
1;236117;1
1;236470;-1
1;236823;1
1;237176;1
128;237529;238941;-1
1;237882;1
1;238941;-1
1;239294;1
1;239647;-1
1;240000;1
128;240352;241764;-1
1;240705;1
1;241058;-1
1;241411;1
1;242117;-1
1;242470;1
1;242823;1
128;243176;244588;1
1;243176;-1
1;243529;1
1;243882;-1
1;244235;1
1;244588;-1
1;244941;-1
1;245294;1
1;245647;-1
1;246000;1
1;246352;-1
1;246705;-1
1;247058;1
1;247411;-1
128;248117;248823;-1
1;248470;1
128;248823;259411;-1
